19 12 13 14 15 16 17 18 19 20 21 22 23 24 25 26 27 28 29 30
20 20
13 17
28 26
18 30
29 27
19 29
15 30
14 18
20 30
25 26
22 28
13 20
12 28
27 28
26 12
14 15
20 19
19 13
25 21
26 18
17 18
13 23
18 25
23 28
24 21
13 13
26 23
29 23
23 12
15 26
14 22
30 27
20 26
15 23
21 27
12 13
26 29
16 29
13 29
30 20
19 17
24 15
26 30
25 14
16 26
12 29
17 27
23 24
26 19
21 14
27 26
29 13
19 22
16 14
26 25
22 20
27 20
17 28
13 25
25 29
24 19
12 14
25 18
16 30
22 17
27 19
18 17
28 20
14 29
15 24
30 21
21 29
12 19
16 27
13 18
17 26
24 13
16 24
21 13
13 21
26 15
14 27
16 15
20 18
15 15
22 21
12 21
18 13
22 24
28 16
18 24
22 15
15 17
20 23
25 17
13 27
18 29
29 24
23 13
19 30